23
5
0 2623 1634 3569 5159 10894 5213 10162 1617 7060 9088 2046 2820 7570 10590 6509 1501 2244 8114 5874 3938 9500 11393
2623 0 3841 5776 7366 13101 7420 12369 2418 9267 11295 4253 1547 9777 12797 8716 3708 1553 10321 8081 6145 11707 13600
1634 3841 0 2877 4467 10202 4521 9470 2835 6368 8396 1354 4038 6878 9898 5817 1095 3462 7422 5182 3246 8808 10701
3569 5776 2877 0 3226 8961 3280 8229 4770 5127 7155 2035 5973 5637 8657 4576 3030 5397 6181 3941 2005 7567 9460
5159 7366 4467 3226 0 7031 1802 6299 6360 3197 5225 3625 7563 3707 6727 2646 4620 6987 4251 2011 1999 5637 7530
10894 13101 10202 8961 7031 0 7537 2472 12095 5464 3258 9360 13298 4034 964 6225 10355 12722 2898 6902 7734 2592 613
5213 7420 4521 3280 1802 7537 0 6805 6414 3703 5731 3679 7617 4213 7233 3152 4674 7041 4757 2517 2053 6143 8036
10162 12369 9470 8229 6299 2472 6805 0 11363 4732 2526 8628 12566 3302 2168 5493 9623 11990 2166 6170 7002 1860 2971
1617 2418 2835 4770 6360 12095 6414 11363 0 8261 10289 3247 2615 8771 11791 7710 2702 2039 9315 7075 5139 10701 12594
7060 9267 6368 5127 3197 5464 3703 4732 8261 0 3658 5526 9464 2140 5160 2391 6521 8888 2684 3068 3900 4070 5963
9088 11295 8396 7155 5225 3258 5731 2526 10289 3658 0 7554 11492 2228 2954 4419 8549 10916 1092 5096 5928 1864 3757
2046 4253 1354 2035 3625 9360 3679 8628 3247 5526 7554 0 4450 6036 9056 4975 1507 3874 6580 4340 2404 7966 9859
2820 1547 4038 5973 7563 13298 7617 12566 2615 9464 11492 4450 0 9974 12994 8913 3905 1750 10518 8278 6342 11904 13797
7570 9777 6878 5637 3707 4034 4213 3302 8771 2140 2228 6036 9974 0 3730 2901 7031 9398 1254 3578 4410 2640 4533
10590 12797 9898 8657 6727 964 7233 2168 11791 5160 2954 9056 12994 3730 0 5921 10051 12418 2594 6598 7430 2288 1463
6509 8716 5817 4576 2646 6225 3152 5493 7710 2391 4419 4975 8913 2901 5921 0 5970 8337 3445 2517 3349 4831 6724
1501 3708 1095 3030 4620 10355 4674 9623 2702 6521 8549 1507 3905 7031 10051 5970 0 3329 7575 5335 3399 8961 10854
2244 1553 3462 5397 6987 12722 7041 11990 2039 8888 10916 3874 1750 9398 12418 8337 3329 0 9942 7702 5766 11328 13221
8114 10321 7422 6181 4251 2898 4757 2166 9315 2684 1092 6580 10518 1254 2594 3445 7575 9942 0 4122 4954 1504 3397
5874 8081 5182 3941 2011 6902 2517 6170 7075 3068 5096 4340 8278 3578 6598 2517 5335 7702 4122 0 2714 5508 7401
3938 6145 3246 2005 1999 7734 2053 7002 5139 3900 5928 2404 6342 4410 7430 3349 3399 5766 4954 2714 0 6340 8233
9500 11707 8808 7567 5637 2592 6143 1860 10701 4070 1864 7966 11904 2640 2288 4831 8961 11328 1504 5508 6340 0 3091
11393 13600 10701 9460 7530 613 8036 2971 12594 5963 3757 9859 13797 4533 1463 6724 10854 13221 3397 7401 8233 3091 0
