0 303 217 177 219 35 28 108 171 193 283 25 215 39 150 257 239 77 143 124 290 157 268 66 197 86 118 300 232 22 61 85
303 0 102 144 94 324 317 223 162 130 50 288 118 274 167 66 76 248 184 195 29 164 55 257 120 241 213 19 85 295 266 228
217 102 0 58 18 238 231 137 76 44 82 202 32 188 81 56 38 162 98 109 89 78 67 171 34 155 127 99 31 209 180 142
177 144 58 0 60 198 191 97 36 34 124 162 56 148 41 98 80 122 58 69 131 38 109 131 38 115 87 141 73 169 140 102
219 94 18 60 0 240 233 139 78 46 74 204 34 190 83 48 30 164 100 111 81 80 59 173 36 157 129 91 23 211 182 144
35 324 238 198 240 0 23 129 192 214 304 46 236 60 171 278 260 98 164 145 311 178 289 87 218 107 139 321 253 43 82 106
28 317 231 191 233 23 0 122 185 207 297 39 229 53 164 271 253 91 157 138 304 171 282 80 211 100 132 314 246 36 75 99
108 223 137 97 139 129 122 0 91 113 203 93 135 79 70 177 159 53 63 44 210 77 188 62 117 46 38 220 152 100 71 33
171 162 76 36 78 192 185 91 0 52 142 156 74 142 35 116 98 116 52 63 149 32 127 125 56 109 81 159 91 163 134 96
193 130 44 34 46 214 207 113 52 0 110 178 42 164 57 84 66 138 74 85 117 54 95 147 24 131 103 127 59 185 156 118
283 50 82 124 74 304 297 203 142 110 0 268 98 254 147 46 56 228 164 175 37 144 35 237 100 221 193 47 65 275 246 208
25 288 202 162 204 46 39 93 156 178 268 0 200 24 135 242 224 62 128 109 275 142 253 51 182 71 103 285 217 17 46 70
215 118 32 56 34 236 229 135 74 42 98 200 0 186 79 72 54 160 96 107 105 76 83 169 32 153 125 115 47 207 178 140
39 274 188 148 190 60 53 79 142 164 254 24 186 0 121 228 210 48 114 95 261 128 239 37 168 57 89 271 203 31 32 56
150 167 81 41 83 171 164 70 35 57 147 135 79 121 0 121 103 95 31 42 154 21 132 104 61 88 60 164 96 142 113 75
257 66 56 98 48 278 271 177 116 84 46 242 72 228 121 0 30 202 138 149 53 118 31 211 74 195 167 63 39 249 220 182
239 76 38 80 30 260 253 159 98 66 56 224 54 210 103 30 0 184 120 131 63 100 41 193 56 177 149 73 21 231 202 164
77 248 162 122 164 98 91 53 116 138 228 62 160 48 95 202 184 0 88 69 235 102 213 31 142 31 63 245 177 69 40 30
143 184 98 58 100 164 157 63 52 74 164 128 96 114 31 138 120 88 0 35 171 38 149 97 78 81 53 181 113 135 106 68
124 195 109 69 111 145 138 44 63 85 175 109 107 95 42 149 131 69 35 0 182 49 160 78 89 62 34 192 124 116 87 49
290 29 89 131 81 311 304 210 149 117 37 275 105 261 154 53 63 235 171 182 0 151 42 244 107 228 200 26 72 282 253 215
157 164 78 38 80 178 171 77 32 54 144 142 76 128 21 118 100 102 38 49 151 0 129 111 58 95 67 161 93 149 120 82
268 55 67 109 59 289 282 188 127 95 35 253 83 239 132 31 41 213 149 160 42 129 0 222 85 206 178 52 50 260 231 193
66 257 171 131 173 87 80 62 125 147 237 51 169 37 104 211 193 31 97 78 244 111 222 0 151 40 72 254 186 58 29 39
197 120 34 38 36 218 211 117 56 24 100 182 32 168 61 74 56 142 78 89 107 58 85 151 0 135 107 117 49 189 160 122
86 241 155 115 157 107 100 46 109 131 221 71 153 57 88 195 177 31 81 62 228 95 206 40 135 0 56 238 170 78 49 23
118 213 127 87 129 139 132 38 81 103 193 103 125 89 60 167 149 63 53 34 200 67 178 72 107 56 0 210 142 110 81 43
300 19 99 141 91 321 314 220 159 127 47 285 115 271 164 63 73 245 181 192 26 161 52 254 117 238 210 0 82 292 263 225
232 85 31 73 23 253 246 152 91 59 65 217 47 203 96 39 21 177 113 124 72 93 50 186 49 170 142 82 0 224 195 157
22 295 209 169 211 43 36 100 163 185 275 17 207 31 142 249 231 69 135 116 282 149 260 58 189 78 110 292 224 0 53 77
61 266 180 140 182 82 75 71 134 156 246 46 178 32 113 220 202 40 106 87 253 120 231 29 160 49 81 263 195 53 0 48
85 228 142 102 144 106 99 33 96 118 208 70 140 56 75 182 164 30 68 49 215 82 193 39 122 23 43 225 157 77 48 0
